1.6	-3.668540857029256 -12.0 1.6 ,-3.668540857029256 -11.995507714802416 1.6 ,    -3.668540857029256 -11.995507714802416 1.6 ,-3.668540857029256 -11.25 1.6 ,    
1.7	-3.6790517141867713 -12.0 1.7 ,-3.6790517141867713 -11.899313170956944 1.7 ,    -3.6790517141867713 -11.899313170956944 1.7 ,-3.6790517141867713 -11.25 1.7 ,    
1.8	-3.6895625713442866 -12.0 1.8 ,-3.6895625713442866 -11.80311862711147 1.8 ,    -3.6895625713442866 -11.80311862711147 1.8 ,-3.6895625713442866 -11.25 1.8 ,    
1.9	-3.700073428501802 -12.0 1.9 ,-3.700073428501802 -11.706924083265998 1.9 ,    -3.700073428501802 -11.706924083265998 1.9 ,-3.700073428501802 -11.25 1.9 ,    
2.0	-3.7105842856593174 -11.610729539420523 2.0 ,-3.7105842856593174 -11.25 2.0 ,    -3.7105842856593174 -12.0 2.0 ,-3.7105842856593174 -11.610729539420523 2.0 ,    
2.1	-3.7210951428168326 -11.514534995575051 2.1 ,-3.7210951428168326 -11.25 2.1 ,    -3.7210951428168326 -12.0 2.1 ,-3.7210951428168326 -11.514534995575051 2.1 ,    
2.2	-3.7316059999743483 -11.418340451729577 2.2 ,-3.7316059999743483 -11.25 2.2 ,    -3.7316059999743483 -12.0 2.2 ,-3.7316059999743483 -11.418340451729577 2.2 ,    
2.3	-3.7421168571318635 -11.322145907884105 2.3 ,-3.7421168571318635 -11.25 2.3 ,    -3.7421168571318635 -12.0 2.3 ,-3.7421168571318635 -11.322145907884105 2.3 ,    
2.4	-3.7473722857106213 -12.0 2.4 ,-3.7473722857106213 -11.274048635961368 2.4 ,    -3.7473722857106213 -12.0 2.4 ,-3.7036479466909196 -12.065586959563452 2.4 ,    -3.7473722857106213 -11.274048635961368 2.4 ,-3.7473722857106213 -11.25 2.4 ,    
2.5	-3.7368614285531057 -11.370243179806842 2.5 ,-3.7368614285531057 -11.25 2.5 ,    -3.7368614285531057 -12.0 2.5 ,-3.7368614285531057 -11.370243179806842 2.5 ,    -3.7368614285531057 -12.0 2.5 ,-3.518239733454596 -12.327934797817266 2.5 ,    
2.6	-3.7263505713955904 -11.466437723652314 2.6 ,-3.7263505713955904 -11.25 2.6 ,    -3.7263505713955904 -12.0 2.6 ,-3.7263505713955904 -11.466437723652314 2.6 ,    -3.7263505713955904 -12.0 2.6 ,-3.332831520218273 -12.590282636071079 2.6 ,    
2.7	-3.7158397142380752 -12.0 2.7 ,-3.14742330698195 -12.852630474324892 2.7 ,    -3.7158397142380752 -12.0 2.7 ,-3.7158397142380752 -11.562632267497788 2.7 ,    -3.7158397142380752 -11.562632267497788 2.7 ,-3.7158397142380752 -11.25 2.7 ,    
2.8	-3.7053288570805596 -12.0 2.8 ,-3.7053288570805596 -11.65882681134326 2.8 ,    -3.7053288570805596 -11.65882681134326 2.8 ,-3.7053288570805596 -11.25 2.8 ,    -3.7053288570805596 -12.0 2.8 ,-2.9620150937456273 -13.114978312578705 2.8 ,    
2.9	-3.6948179999230444 -11.755021355188735 2.9 ,-3.6948179999230444 -11.25 2.9 ,    -3.6948179999230444 -12.0 2.9 ,-3.6948179999230444 -11.755021355188735 2.9 ,    -3.6948179999230444 -12.0 2.9 ,-2.7766068805093043 -13.377326150832516 2.9 ,    
3.0	-3.684307142765529 -12.0 3.0 ,-3.684307142765529 -11.851215899034207 3.0 ,    -3.684307142765529 -12.0 3.0 ,-2.940384597662451 -13.115891491510748 3.0 ,    -3.684307142765529 -11.851215899034207 3.0 ,-3.684307142765529 -11.25 3.0 ,    
3.1	-3.6737962856080135 -11.94741044287968 3.1 ,-3.6737962856080135 -11.25 3.1 ,    -3.6737962856080135 -12.0 3.1 ,-3.6737962856080135 -11.94741044287968 3.1 ,    -3.6737962856080135 -12.0 3.1 ,-3.4108477788466174 -12.39442547256024 3.1 ,    
